000700000000000000190234060000403006300070001876000034040005000060000009018900000
769300052013820007058976300045002000020000500901500020000009200100203086032768491
362500001504090000891300004200037000030159286000000000003900008040000023000000945
070000090200301006000000002419000020320000000860000900900000685006000040701600000
104060050003900701205010000940070008006490010730006020367000000410037005500000600
000000401000305820800000000000032900030000040007000030000000200000200700008790600
509730400370604015004150270620400390100970800000068000400597002006840009900300080
467209100001076000290000700000501000010607000600000005000092087005064920000700043
704080000000004000000000507010608700009305086008000000000530000000000020001002000
902043700483750000500090840719060380000079004620080179190028500000000008040530006
600139070103052060025004300004307256079000080060840900000000000000905008007208003
900100020031004050020050100600008090040000200000070000000005900300000000504000012
000300205003500004920400003380060900562104807090703000740030510109007006200000078
050000000000003700000050000075008090000000800000930000500300900003000000940685200
000000085000109000070080000080000010140000000509010806000205090000000062000400300
065197000000050090009000650200000900094200030650049802006801305530904108800003009
762501000090726810010040060270800004800400070400007000647052300000030746000070501
060001040400765001000480070014000000000814007600902084028006050006509018570020400
000000500000000070008000100000020000094801230000074000007580300000032010302000806
720405000510009060000027500070050310300000000052000000000030006000000070860000053
306801002702009085000720936030608704000203000000040029000175240100430698423086000
000067000000040007000025000010000006000002580000000712450001000078400000000070000
040030000065090000008017650271543090053000012080701000700056100096002000000000000
680000002000800050030002800000010985700900230008200617000003001070560003040000060
000100070070005190100007000000296000807000060009871300000000000700000000530000004
051082600000000020020003150269300000080206713310508002000000200805027040072030008
600040300005100020002030000069001000001050000530080000983206705106074000004090062
067000000105006000038500000803904700000001009509000000080000900900000001001497082
000031589000000200000200000809000002756000804003009005910680000605070000000004600
401900308200500907600328040060073405000000619845000203506002034000030000004150092
000900602002700000009200507300500000005804006000600005081000000703000000200007080
017300250205000003000852070000020840000008100004790000000030000000086500020405000
682000090007000500000090800065400020000600471000928630004000056800200010020310000
098060000000100004060000000007000000600200900030001200400070009000809406800410002
000050000000300840703040050830000017960710000120400005009100008000800400000004000
700920036800360700030000000005000203203056100100400005300180000008000360920000010
009000300000080000050000400072000085001050700000000900010000050680002000700000806
500040006000009000300706250000000980007000103000000007000000000000900010100058002
781000050209000000005010000078000900040080160000030500050000009000570800802900305
798060102050020000102087400500240081000809060900000020005000670670002000010790240
004800000000705069000094302000907620300000700007230810039500140802471006040360250
005069043060070052374280600400027080000010304010030205000600000700802406000003008
070054293650009007230871000000706520010042009540000760160000970400007106000060400
000010300439052000000040200270480630305100084800030701950201078700005102010074003
010007300600001040478000105180470500050218070704030800041096000503004600000352481
060010003005762000800093670486005000531020004700600015100079420600001739003206500
608509700120060094095010030710006040040070908000254010000007089904100070306000150
091080005000049000000500040300000209500002000009000000000290000000060000052000368
987000002306012090500980430405009003873005010100003040004000020001298370208034060
304000700000000062000050000000000090080000604970640058000230000030568000800910000
500000091002160547000000002009410003004000000000006054006001000408600000000007006
129000507600090843408057902780005439200300070300768025900800200500001000007006301
976000100340580609001796040080905030207000506605320480700003860008070014000008027
006005103200040570700030004000000300003000000109000050000300000408017030000000000
000000000030010068000004700700000003015000042094000000602500800000420000003001006
021050070050970020070401000007602593080000000305000080038000400200038917000064835
000600084000039600210740003591026370700105400020000000070251000008000000050000907
001300500603900000040000608900800000068453920304000186035700260000530079400600003
090008600000402019040030000004080205009000000007000893780040901000800400400106008
095670410413000000006000000738401960900807100004009000501086007007100080000740021
020000700010407900000039000130004205460070003000390406500003000002910540691840000
000042030000830105000105000470008000012407050000020067500000080000000009090600010
180003000402060805009018342210300057567820003040700028806100004320400086790000200
020050006003060000689017405870000050095780300031905000000000009000000500302090080
003080100080000030104760008470000001000010007008005000007000804600801000800500600
000080100040300007000750009900030786780401002002000900000520090000140000000800030
060390004010000390007014568000700056000800000001000800072000000005680002083002000
930081006620030105000027030460090257000403000190702004215000900070800510809005000
000060000000050000060030200016027050020090060400018000000073000001000000502006300
700000400305624007260800003602587000903160000807400216009706830500240670100000924
000000000500300010401500000700059801003700000005030040030000900900060080040000063
102648000008300000070000084790000008001006000500400700800000070037000040900030001
008010000400078001000450097040390000090861000801040039509706410020000070700000003
000806000000000800600205003086021390790000501025090080000108700000000050051032400
500008003000009450003250061008935004350000010000010509925041307416700095807000006
700041050000200000100009007000000000250070006080010590000030000000165900016900030
040086950090030208008015073000070120400160005200000800370600000052090084004521000
974813260100560000020090008800750903060049080490001600000100006200005001041020000
000308000003420010004109800000090058900081000805670420000040200400910500009000600
000350700050471806000206509000047200000135460607000000000092103002013604013000900
700019000428600900010020056230780060580900034009002000000070302302040071601090805
809000203000352890035600000100723680300586109600041300740065900500009004080407002
590700010007000050000200006000000600050300000009000004900000000000090460620000508
020007000403060750010900860107040000200601900054002100040016000001000024079420000
000000000700039000580721090007040000020000007005806104200380001000607009600000058
042600075030000294750042163090060000860205419000000380000000000000407900000006700
700600538000970400060800209409000003208009051516300007640501390000000185800093004
009008700450029000300040000604050009500900068090060000001306500000000600906085070
000001008020004000400060702070038000030096000090000000756000800000000000000650030
000000070006090010013070004000020000000600000000000020030968102000705068068000000
316829070040601028000070106071003250004000089830400060002015003060008517057090040
600700800547030000002109050000810070000403608108905004405380096000500083000697000
003001900040907003297800000300209070009600500760030010000006000835100006970300140
096000070100000009520000000030000000075000000004200907000000090059000020710090004
064705000300200060010406000000000082006020100000140000008000020020000900000000041
003020070600038005050100800106000507920040003570001080000607310301400056705803290
301072009200090100000100027000000070400607000006050000000700000107068400800000010
194027800080001000720080000510004386400806100000915004000049600263058400940360010
300498002000572301000001490900004010600980004700610000100830049000040150009157030
000000580170500020060020147007061005000000070200009060640300002000000050300000000
000010359000309006935070200000001005502630400000900037054003068309000002810500703
080040165300000000150780094000000519000091076501067432608070000000618007000900601
000028730021000000376000201000810003008002470263507098400030500050004000032000800
004007000000200063073900020000004300000001000046090000020356910365000040100002030
000000128800000793009000050603790041020650907098020536206030000080000370537900402
007000600305800200021003807014532009070048003003090180708321056100005400500400000
070003050023510000050098003015030060000080307390600005000056000080020046040070000
050903000000000300000080027020000800067008000089000600000650008005800002890000056
007001000040500002000000460970000028400258000850000600529017000014006290600000140
000000008008020000000895204002000000001004702000076081100000000040001003003002600
089604217200005006003000090100000000000580160000000972005040000014008653892006040
100300000369702518000180906020800100090400000807601302206500000574000000900030000
000520306030010504002306700000002000845630900297000001500800067706000043080007290
800300502600925010000080400005700000020400609380006070500000000090040000410000000
050301900000000034130000050060030097010070005000050013009007500006810009080093006
074080000031007068698010000015064092000000406000000035000006283000000600060000000
040000000000200506000004000093400001671300250050160890000008300000006180080000060
008035090279480035000792400060000013000210600020070540005021007100007050000350921
930010000000600039000930007000000050000000040050340001090003100000800300573060208
100302045004700006000050801000024000000007008005180460009830020050970080000045007
010200000005893061009001520001048006900000000084036000006000000090300015052009007
816030075050001094003705080300207060000300420004600009138400000060000040429070800
320400708050000096090005000000500000010936004080000900002000070809000000105600000
007510092015900670420080001960000510000100900000009000050000200090602805070308149
030000615600708004290016000146053902000070140070600000009004500001305009000007420
000004003000935200530201000600108000070000002000400009000017300903000800010000020
040100938100000050890654070278960504030000000051000009360500807010090040780046125
052400060307500100000000200004010030005800090006370402570200000613000900420000800
100700002005019073000020900037000600510000000008056709000002008040000000850003200
000020001020013500003504960000478025002391000000002310160830000205169000000200006
000130059900286304400509006001050263000007590805600100106040982289300400570800000
400080091900400708000010040002000000701500830008000200100050600200006010000000000
000921000900400700438000900000000000027008004000600109070009800040037000000004070
000009000081000390409800000040710000000000000000490000304000906605034070007005000
004300007000942000035010009000567901050089000000420000520670008400035176100804532
910630005836007190005009086000006002000000760600205000000000507050902000100000029
090030007600510000010002000503020004060070028020964305000000780050780049187009600
502400800703800050006000000430000200060000000920000080070038060300069000059024000
009203100283000096174009000900027060007406900400008302000031000030045829040892710
308026457470800002009000001030160500540708000900040000004091065000602708250400039
000025000500908004096700302407100000600804003200006800005680000301009000068010200
503206000201000305097538000000100807008060000009705623070023010030601500014957230
100005082000000031000039500090050203300701000000000000000000005517468320000000000
380000950000030000002000000023016500075003000000700342960000003000000000000320096
500000006100005290003060704839617400060000380000300670000020060000086147098100002
090050000782309010504070000020003840105000900000000105458000360000045279070130008
150060000000170208820004070304709120610040007700001043530217600201086300400003000
204605700809003500006900000300050072500004601740030000013000000020001805600090143
080002090967000013003006000030000000001003005000004060306000042708200100052000900
008003000000009001000128007072904600900806270000002400201497506400000002005201794
000000910900300020528100000090004801400010690051936070240090300180000200307452180
308070000720060380600000040861940020570006003430250806000705968980020075057600034
090508060300042100050000000003000000060001000501070946000107000600025070010000000
510047300023050674400300005680235009001000200052104086000509400290016830104803000
000000089200080000190040206403560002050000400009004000600029000002000000000050000
040001035000000000035049167008900070020000400001004000500400000204007000006310080
800000200010000950060000700000000307000009500120007060900005070001400000000170000
000590000500200006007000000070800900800029000000010000900700000000000593600900070
095107340000095000107040500000401009000000000000956270000064000500000000000008400
000300000003060000000002000000005760091076002000034900080607000706000000010000206
025007060300000741000000009000200000200000008000810030002001300038020070007580000
870900020000005070020708000050000004080020050010006000000009000000400060205000009
450031796600584001100076000000005000000000100501062489700000203000007010800020040
070180500083400067005670310054020103006001080731800002560200000348509700017340900
039706450050000007607104000090000300076403090000890506943000100002560903105309080
612930705070000000090740020030080007725061400040257060409672800380500070000800004
790000000051000002006000700600240803100030000005000100000000270007000000000060501
000500000060480015000000004000350000000060000020047003500000207402900308600000100
010000030700930000000010780078000500040160000561009003024050300090021800806003120
050080609080600107039000084071002890006000502502800071000910725010000000020468000
200960305600057000503001006186500230730008090095200600900100000064095000001080709
000000002000000050000000731500318000000000040070590100003060004016050098000830000
709005006008620397040090580000070004021000075580412060064830002873000640005040738
098702051150904000273560094807000006040200500300490020730005289500000130000007405
200040060800506032000200008004009000320000000007050000005010000460005107700060000
008200010300000000600000020486500730000000902920301000139700000000020000054900076
100053700000081509009670810891000000000047000002108050017039005020000090008000000
500000000100200000024900000000000000060400300000050010650000803000506020412803000
041000000080050000020014800508000700002040608000506910857260349030800020210000007
500800009009000008000904500000009000100000680000068093020000904001400000000000831
400080005701030000005060001000000500000000008008070900052004017007052094090010000
017002900069040000380600000006000059950400130201008047100983576600000308890060420
000206098000370210002090300000940062300760005067080003038000650024651800106009020
000080007800000096571090000280540010400000308000020000710068000628430000300009062
180306200702510306960070010020000100001002000800000000008020400000050800570001000
090030700500780010700009030417000208080401000900208070802040090064390827059020000
203805070910006840000970006790002418000400709080760350000607500670500000500004600
009000806000000090000000300023000000000001002000000009280000453000000001006030278
002800600900002850705603021021507300400000576607000218300020005000150003500700900
200500800000100320108093000000975000900000003480630000704020000059000000020300000
060900800800013000000000306000005002500200790000097040003000980058130020070009031
006700210200000897000021006700900030000063080001000509000006003073805102000047008
700008430630700800098604020000800000072059000059100000080300012000000009000900543
290371000548692037100040060035280006480069053901007000000400000009700340304908070
000000004569043001020000059000300000000000098000009000213900000000000000090400100
071500960300600000008001004090200036400087120005040897082003649510469702600802000
065100408700506000091000000006900000020000050000000902010704090900300000647000300
060000005005006004004019030800042106010000000409601307603270001041000070082090060
043600070789000026056000400000065080061098040000000001000410005010000708000003104
000000400230010009800970002100059003000060007009000001000080000000091000000020300
000005700104703629730090000241508000500309041090004507912407003003921400070000912
001000970000030020000009000050086000910000000800791540100400060000067010000900000
049001003023000100810070009501006804004107632000090051206000310408703000130000000
030086001109002080080000037000007400024800790590004100208010000903240500005000800
300000704162070003090000260009783615000000800730060040851042379024900000073800406
010040002002005097047000060200000000000004000000003000109400000028050000300000048
000002000090340070020009004000200090900000000206030080000080000000100050060090700
005319060910000000200080900021076500008100607070800000062004890000930026830061405
230517400080006000007800200800000504000750000004000000020100708700000000600000000
762051043590083002840602001000809004000720000270516300600095400005008017008100930
000008005005000000008000000001089250080000060000000409010500073500003004600004000
000003006070000000000009000700100605000865040500000002060050001137600090090000000
309070060870640000100923700761300082493002607258007930507400800004000000002010006
720608000000000000085090402070480351000027046000500290000060000850309600040805039
005302000020000504700080000000000000500000209090107408060040000030000700000803006
047000503605040001000635080000070009076000000000300000000060000060984052004500006
400000107057206080083500026539020000200604009064300271700060048012408795300900002
308640000000003604006070800069357108201000305050180046000205081014700003502018769
900000007002070000048000006800050002000080740004023000357000000100846070000037201
000500004100300000006000000800030920000010000040009080010023008000000300400005060
800000002025108347074000801032005900080004016060000023008000264200581000090060180
009002675056190002800700014200079040031206700590410806000900030900048200004000590
070069140001507609200010000000684000640175030107392000732000581015000406900851070
042000053060000284530080000083401605004600308000000000000030800070060002025000009
102900008009050000050000000603407081700100003000006004000018030000030045007000800
980002010007600800060059470659720030072034090000500000000005007704900005500000900
000000650406309000000000090980046010010900000700000000000800030040000001000002040
030000040000000008098020000080050006000040000020000800250690000060410000041500009
000000070900000000301000060406810200000300490230040105003000540000070600600050000
002000709049000056000904002490002501000009300027006490900020600013008000070000005
604052709009008215000300800201730900090214073703000020002570300900000007010900642
409000060200061004800000302000010059000704016000008407000006900508000000394100000
001500900963007008080369000000408001034006200010000000100045300040800000090071500
000003000000250068205000031719060084000030907483700605000900000070600000000004079
602000000904300000000200000105600000800972000029000000300700400267000308400800000
245009000070025001610030000034090000000004100921007053003502000100900300090040000
700604802580030040000805003006000031351709000048013790804050007020370084637008205
050000023000050100001000095000308500800026019000000000500000000409010258007000000
402000000009000700070096340704080000000203000320007000065000800000079020007652410
206574801750310002100906050307001000080000740060007080800009024009000370000700910
680240000917860042400000000150000000034000007076320905062400879090000150540970200
004728030900060080028900046000000850400005300000000000000040200007080000000500004
090000864301008005080209000000080000000073000000090000000900006000761482706004500
000010007600432050910678423200501070001007006807060004024009008000006100006020090
050201000100007004009548010000804105000150702000000040000912000600300000000400050
000070300006021087087460100001200000000008061073000009290300005700000000000000730
463019008000603012109005000004901705801000000657020009500006290070000000040108000
000009000002000090009000100900000004043006000000043060000600700081790002790000008
004005000000073102002009704050090000030700060000000507040307005020000480000948003
000405080600300020040100790190073450007800009480901002060000005071000046003648010
700096140096010000004008960065000809040087051987005000679050030451000700800000504
260070000190600700700910200031002957057301400000597631504730006810204079300080000
000000000000000800007400912008001029000020600000070105500397480003684251046000090
001000006600100050320700000900004060010002789050800000132005047780001090000480001
700100800060070020321006047004210008870403000092607000600041902209700014400000706
000008000003400000908523000600050000407000085082007000005004600070005000304000008
096000000000400060403790081060000000030260908905034206059041020040000000070600814
100024007092053060300060409800509000000637000703200040000006280007400003240005670
000671520001020000090034176000216053030700602006300840602000001807562004903180260
006082000000000600000300200000145863008000004400000900000004000090500080100007000
046000000039000000000003620004060080070002001005007000080200140000000230000140050
000800204800001000000030000020310000005000300360008020006984032000007940040020500
501000806380010004000060900840900100000270080007000090052007000008000000000000000
000000580803062010004000000500410000000605400900300002000000169010874000020100800
083000050000000000700034000000000091600000005200003000104005837029300000800040029
000800740000009080000006000080050670000000004100062900908000000000020090632000007
900200030002000060000796010009830074050000000604900300080000000290108040000600580
000000030503000060000030800239857600000010002061090050390000006050601903000040027
000000000603000490000090030000600000000042050270009600807000900020005008006000200
460000080091800000003000500007000935000000000610000820000501370006090208300000006
219003045036800000400920070090000738080009000160008050000000100601384002005000300
008702090070009030000083000030010000000000400600300080000090308750804006000000975
027056319500903240039000600006385100002670080053091470070008020000000801380420060
007000008000004670000306009000092080000501004040007005900040301306050040870100000
060300004000902030017504600000140200140005709800679003451298070090730541030050000
002000740070680000050703600034278160000054000000100000290405007007906005000000006
007060381000400902900100000100094030203750406009032057850040600090300805000018040
184056030000239080000084006075620918000400000000908400090047000000060091000001007
009306800360108700082000600700040000654030000003010500030001400010500320047003000
042015007600230000150768300030020960005003014004096008091000000000382091023009000
420618070618030200000005000000184030080300020300057014000961053500842090961500080
000084309200930061000176842300009010700000523041300607090010080520603000010000906
624080010038710642000006003015400090000000251709000300863901400400600079197004800
052800900000003600086197005890201450064070012103000000000706003001052000608309000
610080700070000000200009000032754000700000300096802040007940000000507400900060075
300047000000600010090010040060090000009120004002406300005700000910250860000930400
408000105000403000000715040087002000600500038000300062800000010243009007196807020
506308012000000000009012560050083924900105003000000175700040050004201700000036040
040530007000002050000000002002300714836000295017000600900253001108749500300081000
080000076102300508307000004801400050005000030023050000236000040700900063004000080
061925074000063000500000306003516200000890030090304650006200900052089003900007025
901000000670009003000000009086000300003060900000030000890050000000000001130040000
513000906840002351060030780901043600004800102006209435400020010000001043090380060
200000000018203649490701000009017300020590100670030054054070218000000096900120430
000026830008000200000980000100200000000000050050040070000400506005300784000001923
462300009009000100503900002105080004800400910030519000306000428001820000008035701
690000007003000000500700000000090080000000000000070905005340000034107008006809000
580000100000070060703000000090038020050901083078562904060000300000609001107080090
010069008000800010050040003000000001500006000103007200600002130030608020000003006
000106740000724853004035069060002030040073000050000001500061000000000080430958006
900020010000000052200041000160000005000000000500006000801300007700009000600000090
006300000000000070300900050000060007700043900060701302000437200600800000400000000
001020300803070060600893100000000570900045000040006000000467000300000000060000000
125307900000906000060000300080700090000090000906208001290105060034809000001400000
000518200000004051000072003003006070927040600000020004068090045150867329000451086
000004015804001006500020908100009070000007600407060000040010000000230009238945007
002304006100050000030010800320490080947081230061205097200500709679028043000009120
508206004620090000470005206080102050705000042010050863062401009903020000000000628
030600000805900000206008394004200000198463020700801600080009200003000400001000005
600210003070608000201537000109370500307480600408000207900001005700800090835000072
005400086124600305896503200950704021000090400300000500680000100003008009500300000
203000648004090005517008002450603297080027504000054000605830701000001450000006380
084702000930100600720903001069310748000090053350874902000001074402600005018400300
000000000108000400503602800900020000000410009700850000800063704020000600050000918
000002700010830900009001350006000071000100035000503090000908240000316580985024000
000000080000008020183040050002050068000000010015000900800060500500000090090500000
060030000273005806004016200305400170400170359027059400048620093039004620000090004
080790000342056000170000006000060004000030000050014000210005609067040080038600002
002090006000000020000012005008075300090000751710006280009080512804050697021760843
008600000000529001000100000680050030190004000000000608001080000830000010000090000
614000000590370000270410000300000000820763100450920736030000008080009670746580200
000000006000200070060000001000000007000037120000008000400000002006059000731802050
640050009000060000000003461000000130000000800016000000003400000104780093000090004
057400000000807300000002700900000800526100400008004600060080002049700100080009007
051008340943050870670940102000400235000502017500006900800000701107860093300020460
089004520210830476704005038000300000906040800071050000140503069007002385000967004
400680000000090001500100300132806740049000008650040032200070000005400260910000800
470620018008400000600001400006000084029000006084765320560000047807036000201804063
080700000004853207072600530007000809508300601406080003753016004001098000040530060
000080001900050800004007020100000480006740002400010000005003040000500008030070200
000090217090000504072000060700400605900000000000006000004039000007000900000000401
021604908504000210803201045208160000007090080000020070350800764002040500406509801
000090700020003100006804005070001000000080500092300000080700060000100009060040050
090050087070030000215000300000000000000000000050000003000004032640090108009010000
000139700100687002680025003850204037090370600070056420040902000700548000002003854
000020408040000302000080001009170000000000000000890000006000000854001000070040016
000109000000508310300007200053001000042085961900070000060802500030706000028000070
003004251900005000000000700070090005530000900400000000060000400000001500000050800
109645070600000139070003650548000306306004000700069000087001905005400213203906080
003000000670000400000000720160000802280609040300020090005300269000206000906105007
002000001100270640006810207000740583305190760460500029000300970210900408000080000
009000010030000002002010009000100900800000030600432000000070100900600000743000026
045001000300000050680490010000140030000000104400720008000004600100600005700950000
410928306035740002009503104000806435000000210040070080070219008100685000000000001
460389021000001000010040000908007403002000090630000217020004000300000070000000050
700000390000060004002003007590086000360002005027549600085630012001008036600010809
900000207002659003830200090100000504000300028280006300000005006300800400500903001
050039028000007004049810070734108000060004000008600040000750409090080500570940802
600210000059740203000090000046005900000080400008002130900804021000350074080600350
030000064400093010851602000000031605019000042500020000700008000100064000005270801
549020061070000000000004032400009000000083000032100950910000200008400000007000100
080025067020000003647900015500700600064508000710000958200070380806050741470006520
000450000001009035000021000800000004012000300490005020026004001008090743300518200
800000000002000001046050000001000003300041000705200900203004100610003000980000500
000800129120400083000009600000047891037980256890020430004008000000000070060000000
004300000035009000009070503000000080007030604000080000070250090000003040900741850
608530092073920000002081703030000800480000075020400006007806030000300000051200000
000000306780000020103000000000009000009420050408570030040600003900007060001900704
001080005000065031605301800000000007160043080000600023016000050002500000008100000
080000060040690020670200000300000000000080000008040006001400209450009183000803000
400800000000001280090500000000300810063080090801900000000000940000005000076498020
490061000807005610000827954080106000002009400000000000900604132000203080000908040
007000000940005080020876100009104630015360078236000504102603000090500063060940251
000006000004023009007189506800900060009600130000318495000001084408500000100090607
004000006003000004006004803000000100600908500350100000200300670060020080005600420
300020098690347512000009300200000431031000807867000209000004000020730045005962080
089102030020375000753000200030409000017650940090720000940517083000000020060294000
280000000030082047407006020000020408003000000000007000800000000000000950000013000
000834207000270069572000803320000408010089030004500070000001085853700000149350020
002007080371540000485200170600000018709300450803000900008020091240019805000853040
003001098000305000020709050000000120640000900001930000358004000000003040006000000
040009083007100602206038000905080070060300500003000200100060807020013000600070000
000201000000004160601375400007029035209506084306407020190050040070018250000743809
000090000900870000000000200640000800000900000009704030070040010400010002093000006
314000089006805100050000000000000418040000007090080000900008060485013002000000800
040000800100500030098304010610800920807290061000601080000008090020006100000000346
060230070010047000000006012800310724020069103350400698700094500049150030105003940
280600300900200700600001402070000240530124000040067005000000800400759100020080000
006400809000908010030516720850640007000092058002850000000060001000000003005004000
000000019000007200007502006620000800000750060070004090000000000300000000000020904
000000000629000000704530906201008753057102000840050092060000019900000875008300000
600043200001509007295067010080070025700000000350608000000700130040010096020056000
040500089005029100200604300507900000839060071020001800060005028000048710402006900
403602000508010020600008031200800390007309004000000806900105700000900053035020900
001007030040030100300090004100600203000904800000352409050000000800520000000700025
301765009700982103000314600602003571830000206070620030560000700200001065017500002
040030000031257960207900810369000020400360081000002396004003000003785600000004100
300000100056209080102038050619823700008000010045000030003007001001090074874006923
283010090700000300694082000420000060509824173071900020042038000050200000830650249
000800250000502903526130000001000300000000000905007608709008000000305009050000800
107900800000000056000023010690008000000047009005260000000000670750092000000000002
000000031740000605000000004230000000000000100000010500198000000000000809400180706
000060000100570004037009016300050420008310700000204630013095060602031000400008070
703400900029000000641009000180000403364000000905004201000000035007000804036108792
500900000701350000206001435620713050459000001100049020942080003067105049000490760
400009700007846000000000648000008391608193070900070065300000500090000000060900030
502000000000902100710060920079031582000508700250040610040017008030080459800405370
200008000005000000000060000900400000407000009600900070800529341009130008000870000
907346025030000000250097000840000160001003000000000080080012930360854007102600000
725900043080004025000002009807640201231085000096003850064250070908030500010007300
500040000040000020000000060000024009900007250020069307000010546004000070200400090
030009000600018050002400060005602104800530690000100037008006001003021005209045000
908256000000030084703904056189400670630000405002073090020567300301040500070000802
416300508907800640080040090040950100020403009000200370064009000079500000050634087
000040000007083100900000003000000210096207000700300004070825430040701000500400090
970028050000153400000000608000000900000000000800900070000000700603009042007002005
000006000063470001400810060209003570630080010078000634082160005090004080000000196
005600090063070000749185632521036040000050003000800015000548321050302906002060000
005000800380900000704060000143000579000030020002579030000000000000080096020000304
010709000040180002270030158007004009580000000000300000198002034762540900453908000
005109060900380005080570491300865000560020000107490608006204009000607142010900070
180407003960005007047000000326058000010200908008004200400000000809001060002009001
000902306000004007000000400060000705504000000180007600000000160007620000000000000
000100000080900720309004600004000100000010007000400200400080500810009062000600800
390200601425000803176908020009060730002080005007059000780500402200800050903020107
008000100170006000900750000000090000050060200200000708000675809800004006007928000
004000000006100040005900007200003080043600002000007401000009000079300000500001000
000950070395047100064810509007029360000400090012500784008205643020000010000000052
506040000000029506900065014168493720300050068725000040651000200200006480080970050
600000180000040900005100264970080500200009008100000790700604002000005000500007640
000006010400000000060040000000000000600710300000000624080000900201097000900008040
740609050610000007280000096000830070830400500490106308000000003000378000308000000
253640010791530800000917005010309520030025001002006003005001000070290450029004160
601000002000100000830902016090010007000000000000050904080020600000000875060005040
600042700000008900000390000002000000196400800000000205003604027005009000000007080
050003000300846000084500032590702000040060000270430009008057040000600000015324006
008700061050160930000809207000000700005600000700390000610000004002005600070910000
000100005080000000201050009020400800050030006000060400800271034000006017002503000
362180000870400060000230000000300806003060007010070000000700034100943080400028001
703009000006023048800000027000000409350004086074080050430190500090265734005007001
015280040360571000000436057100090480000004500040015079271048360500020004000050710
070000000200060795060070004000006000506000030090000000040002500000050410008000000
029074000006005920503028074000002030208037001000501862001000750640753180300000000
120004973700612480005300206500200064014900702370000800000840007057023000400005021
000010070700000010000008600001083460000000000000020000002800700000000130318000092
005184003000500018000002050009450021700000306002000705100006000607005000508320000
090003200080010400000008010000920305056007020902000040000102006500000100020090000
096000357007809020420005090504900008970086014000001073005090000002750609639000005
020000090081059400960243000000430720003102080017098000530700800000081050190365240
027003049000002000005941200300100000240300000000000703503400000000009030790038000
008920050605873100120540300703000409280000030090307208000410000000000023007000941
800200000057080102300500006006002009030010000190070003000000000600000000209750000
020600070031024000690700000940380701000200500207945008400859000059100207003070980
400800010000000000000000803962004008040008000700000050500300001006041080004000309
002000000600700300400000000000869000050000800900000043007130090849670000210098070
010038207007000430340000000000002000650301070001974000009015043185043020070020000
000000008000010040000000200000003000045100870730004600000500402024800000500602980
000000400400300610002040038004230000300010704006800300807020541063400090540080000
057000120946082573002037000000000080468210095579008000000074800000300940794061002
805043102009500000000900057000004900910308000042090500060000045354026709098405000
740060500680501307010070086000080700000042000000000020500036892200050400360820100
005070310600000000000030028200084000100560074400000000004000000700900005560800400
008400009020600010050001000000009004100200500000000236360007000070000360040050001
060040200900600000000009050100000004000800031006000000200090403000483100040000000
500028004000060080308000015800740020002800067706050000605003009203084700900005002
000060000372000009000072105200530090006200300030900400050700013004123508000658974
070020300000030090605074000000060010000000000007190000310050000000000130040000500
006004000010000900052069000200010000045000090001003070000000029000000064800600030
000400070400972806970800410060730509020008700000020060001000695095000007000600001
500100000008429357009530000000000000050010480000000070604000000070080020000070000
010030000070000501000901007000020900702495000409000276001000069007600050090000032
530020740807600002001080605029408050003002400180005000302000000000047260470006809
000490637900000501060005000070820964000000053490007182040003290000980476020064000
090000301317000604040037080734500090269070005800029043076810900100200007905700100
049865300000009000000000004900004007308291006000038100402380019007042003806000045
000410020014000537020700814003007002751284900082000750390071000008602000040503000
600020400210300500003005000009000800076000300500900000000109600000002000801000007
100300900006400080240810000400080000050000190300000700000260009000100005008750000
000002010200000080300800640000040100700010000003980007005008300007000950000000000
000005307800371000710002000008016900000900005000804061090108070000230594070000106
010297080002008010000001009150000900809005040040000301030020000000000700000000004
050706042401000060030100000096073001300000650218605000005000200040081006000040500
000075000002390705001000000000050070539080600800060093090820060000000080078604050
650300000780450000913280506040908000007000308839000000090070603070100002061092054
001008000308040090040901730090800050500000082030500900000400820000053140406280000
002010540040230600000745830428600105100020000000070420001400263260100000004060000
000810075270003189009000640000100000000004000000000000000000006800006031000300092
006000000000000000001400023602300400000004206704062001400700300000080900800000070
000007000010000080002000000000006000020000063000200954005000009090004037300910008
130006000540231600080000020000008000491000800070100360003002705000000931700009000
000092400250640003064003000920154630030009514400000720600000040003420080002000397
074201090012600000090050010003802705008500043760310000080045200039000451450000600
340020008005900000086040050060810000050069000010000006000000009100002080590630000
002005001100700600063400700200000000000000540004170000090200000600000000400007250
109057006507004193004010508028000930000000061000000702005400000601005800840000357
457100906812003000690507020000000000360001090040800000100000305926350081500018069
008000200510070300704063095060085720902006508001097034100000003305700400240008001
020005000184000056607008003006014008000067140500830000038000000005083009962750030
064800127090020340170000000000000500009003068000000200021034605043600000650000000
092503001000208003000060008000820356653079000028006100504000010000005637736000085
200470000000005802005208170000020048847009620520800031050600010703052080684010250
000509020040708519000000708900300100807005000630100205400001650790050000062800000
401720935090400800082509000006080003258300001309007002010000000005941206600853109
790021004006090002001000039005010470008000953060000000609300148080009305050184600
702000005600345000000002108400020000080407290000000000261034059000261004000000020
078000040020900001000100003009410000001030052000000060504671000000500000007020000
000000080073580090508000000800002000000000209004070018002058060780009020090000850
470590103000070000090180000007930001009800000140760030800050000706019020010028607
629000050700000900500920000000012000000080009300090001000050406100060200800009015
739010080514000070826009100308190000090200030000000007602083041000470060400650803
300900400000000000000002010650700001020010035800603790190546070230108500500000109
036120980408637200521894060004710002285060070307502040800000500100240006009000020
070040080000009000040083000600092010004030002000400000000920000009000000750300000
085040300019000000000930200052007603693015074800060002736102008901000036048000000
000002000000605073000300928650709000000200645001064090003070001798106000016003000
050300020890570300000980500007000003510030600308690140640810790080709450079405831
065300200014000000000400800008030602000206700602000109080090020026003000001600300
024008100007306002031045000000000000000080004240050001189604005000091000060507900
309000000200500476047820500000300649004008301135090080070083060006042108010050024
130000000500200800006009300010967000400000700079300020020000030340780000000000087
000452780790000200005087036029003001010208007000005090680300005031009608050006410
000400510009008000000000070000287090000000708000000130007549301500000000030600004
100040809098003570040098300800309657009070002570800030000000008480932100600007093
240901000500403001090000403000090072000070300000308190009517064624030010000264009
901204060000000000407053000096080500002960048000325096004030000603700050009002603
000000000003506479520900008000009041140205060000000000302650100090300000050000203
760304000243000608090006403004081006010030254306002180600703502000200000950100047
000020000000508072470136000090000001000800790801759004900005300207060000006900000
500000000724030001960000350000010060047582100300006025052300010000671542076000000
068900005240730001500801400601000850005106004072503906750300260803029500000050138
046130008000000000005040370000013020513002047000700005300000684060309000000060000
076000000000308020000060045000000000714905000000000800000000002100200000003406500
600048709000010000700506040250730006000691000000052007900080000070060004584103900
600430070400790060700020000002070000173069200800000010307956001200007095056004008
028000000007050040603000100130000024000000309000139000060000002002301085805090030
780090200000032705034087106678014000023870010019325000850000000040258900960100000
060928500800007640000164209040083700080070090000000032010492000538016904090035000
394500000005180000060000005489000000000000800076948000607000020003005100000020000
600408090510263480708000036001030500372080019850600000095300870000007900087045000
100006000500003680000000301460900032000320704030040008000034856074008009050000003
073840005015000020200056000520610000490280000301900000009020300102360000030498000
100000690900000700207908300500093040070520900830410000000702560005000400024059831
703021009005370010016094087030046908000905000800710060000800170008060405071000003
080300940940800006006090080093000008608020170100060203010007005025000000807000019
000000300420010600391680472213000000006040000500000900002000800169850000005700006
428000369071300000003820150847000006000200780362700910230080600080600403910000070
040025000000016804000008090006030200438070160005600003360200005700109040001000700
000307010003000069000096074020150643500034700300702005639478001780200900152060080
197024000058007000264000001080060035500001020070050000400089107700200008800076250
030612059500030000600000400200800046000060020060250900300100000047020000000000000
080020500000590070005000000000000001207000600030000405000001204502960010008000030
031000007670000800800000000100006900900000500002900000050069040000305200000700300
080020390007063100093050002000008451150079800300004900006000204805042009002096000
102509003500068040060040905091680000085020000020701080200910708910800630800006000
000006010700258960903071502251009400098040000000005008049002005005900120107080040
530060072090807051780305900800603000020150000360200105609002013100796020000001760
701300920400500000630900000063480000205010498009025000004007005000100043006800000
903028015206000000004097000007830002620000839398062041060074083000203000030056900
001000000007000609008002010006500041073000068910200037000890700702000000000720000
000300000500000800609040000705000000300000000806200907000674080208500000000100530
050001700030070500206850010005180400000920830103600000704062983562000007308014620
006100000300000521002000804001060048280091000000024000063018009008000000005000182
000070000000004108000000094800000000000085000010006085630009007000000050008017060
087605030060004000000000060000089040800400000000000900410070600000050300506100097
000500040040000002590700800360010020407308910000020000109000600200600080003080204
000091050190005602004000719008030040000900800000050200000000080000560000900000006
000095060062713409000000031694002500500009020020500094900064003000000070100057040
105000009482097060970500280090700040000054800500020710809070020024903007700062908
040003009009102000000008420400270053600390108090800700020600805900001204100007000
040109020130600000020045130804500962960874010003000000087001300050006207000200001
097004060000800027685070341900160000850700006300028704000037010703081059000000003
208007630709005002560010000000004956080090320000230074051000700824600500006003248
095000000100050380000021060900310002000200005000080003087000006000000400300600000
004260000000107000700043260008972030100685000000000000400726019602000000000000726
009000030740000800100800000010000070200000900073060284300000000000409000490370050
703090060608002000000060270286003049000608300130045820070000600090006001000107000
000000000200908000890000004000703240402500030370000090080190070519207408720000951
003128509012069000050400020009305084408090000000284600004000000001006040005800002
006059008970801620100400590507203000000000830008900750050007080862590000001020945
200001890600789500008250006309000020501000408870012003907408001056903000080000030
000000070000002500905000006000300060300000705029450030006200000200070008000180420
000070000014500003060020080380640251501000700070152800007290300600700092950803417
000080000000001002009003047170900850050100400924008000000000000000600090400030000
900000000004500000005300010000605000000900247130004800500030000001050360300049000
930005076000109084040002913800307000700400860150628700600000400000280697000900300
457619003000230047080075061800507000070021380910043000120304600069000000345096010
002300000930700400608040001089000014310000020500104709140080200890627145067010000
020300001100009000030000000008000160054601000200000400083060000607000300000003000
006000003730002100100400000247006300005130004300720800058300007600000400400200000
000000530090500001000010000000000000200400000084970300000100079000802050001007823
000000201091040000003129408807930106006000300300004007014560002730001605680203900
600095080000030900000000040980040100010089000040000870053070600000000090170000030
008000005250000906900350000070905000500280600082100503700000000000007300000020000
080007500794000000060003090030000010000030070000000002853009100600050000000006000
073000001601207800000605720008000400005300090000000000090060002002000100010020074
040051030010307604070064500090200700600040008080673050463105070700000900159002346
072054680690000105004690007430000096005209003269037050900000504040081062006540910
030900060100720005459610000013002000040001900920060031800030000572000306061000049
003120000008030000002000000070000000000049860200800000080000502600590000009000010
001004853000000000800100690008030200000020400210049375004300007000200000070016908
900635000000800050000100800000420709007301082024000015405000006780060500009504000
076390400000200060200000590604908050007150206130602070508000000010006985702009000
000400000009620030700103080030002706000000000000000800000900060600070000003080500
000300000645780900300000107902000061060000430500168070850007304003800002017493650
041600000500000020006090040078304265200870413410062078050407130700200009002050004
306915780000000000900000300800631540504070003030594807407200190100400238080009000
200000300000050602000206040050000480900020000070000000700030200000060000006091000
107800062062000045840006000004060203213040096000200004459002000001307409070095621
000000009640007028008006300000960047000823900190000002800000003000010004004000681
000420000000005109006900030200080900000090000050700063060174002400008500003659741
090506010000080056607143890030000000020000930001090500500060040176400200943820071
012000000000700008305040000157803090800000005020007800270000080500608047690000510
070204000000010482002300015031875000050002000026190500300450600209030004080006100
000000000500609004420057608300904251002000900049205703768000502000000007030876010
800000900003780024010060700080001090001600802009807010128000007904006000056218049
900004150700020000600700009020070000000800064809002000300000042004016085070040000
329001050700300408081000090002000903000042000000030104097010045050090030000004009
080952001003070592500300740006000000007500003005003070400200010001840020000105406
700000090000006013201000760000203000020800007080790000308047000002030470007000000
005006000480100900000400102309800210000200097060379040000510600510000034000043000
000090028400308000000000090900000105003080000080000070650702031031059000000031000
500000670206053980089720005800070490194080507005000208001008000007030820000507103
340100000000000008005000304010000920030000700708000041070000005200450010003001009
100000080000710005000000001204005000090420350050000000000000963000082570405000100
498000605002000000000009000000704001010000004045000230004000360021000500000000000
980420000120005060000680040690000003400000006058000104705900612000540308800100000
008301000410060000005807314041000790062000040090100063000470031000900007084003952
020009004819000070530026000398200000045000038160090025000000000052971043070480062
807425103163900002000000807900000600400056931005300008056107080084000700019800000
503901000000086350876000000004078520260000070008000490050007000100000000000500000
000860254000900600003025000000004390004009500100050040080046907792381405040792810
000187060000509100010006090060004003070002040190730620600200417920470800001060209
500900004400000960000047320081000090000000010000001000900010000000030200005000640
000000400004000658000200900000001009000620100040080006000700001400190000900560000
600509000004030005058107002000401200007800190100370568060004317370620409095013020
500042600000000017608000402700420001080090000016000040002915370009030000300006000
000000086008050400000090020341000005000000809007000014704000103000010700035008600
008500000000400820406702000600020900000090000070605208087003000000000001000006789
003609714000000008017283000906570240000032080040806100200000090038900000000720806
080060371040703085003000046000081520831245600020900008208500060950600802300000409
716503000090700300040098001001050960850629030000070480407900000100000000000000043
290000000806307005001250000000001502003000678450080193080003064604000359039042017
594020801000005603006001005000050030837010006052030900005300109760000002901040300
000060800480375009060004700000010000604000100000000050008090461000802000000040582
082060003160007000003080164021006030600509001035100647009050000308600079000000300
000070500900326000008590006500000407020007600000600000007900000480260003000000000
003000070040053129009040003000000012100000958508060000084920060020601000670000000
005000000780000000200870560000001040468000000900008050100086209002400000006000710
051900000080300500362010070029001745000002030003000200200160000006000380090003401
006492380040807005080165002000503006050006000000740050000021000090000508430000000
000002000701040950925000308040000270207030000000000004572103409130009027090000103
190045000007008530000000800000400000520100008000200617080090000004730106372801000
705003814060400700000007062000020140100850007620341950000085279001070000000030001
000000781807000065650000092002900036000001008000000000038029000270450803040018920
060091000203086091409005086920007000006002007005000010004100508000000640500600000
001020075057000020000000010410000087678400592000680001030700100700100040100200750
805160009030000084097000060583910002000058910169000008300200000070605200002807000
028000004106470850047280000010920385700530000853006000081000500270013000400000038
800903654060000030090045207905786100678002090000400060006320019732500046059804000
006005102000040500900800060000016340030050000000400800090500400001709000020004973
700900042000000000000080010340700000007690020096003075000000700103070080000860030
009030008728090100003007549800019702300058000960023400500301820007800056080005007
690700000702150090180000002050000000000805000900002850560000200070001009000500003
780952040000800020502000007000000050900000408300000070079003081003000000000000000
750009080000003000000745000300000000007008000006304001400106090809007000000000400
408760000690003004030040090040020058260080000850904062020098603900007001000000089
200973000000800620000004970510009008300000009400730000800562490040301000052090381
100003908006070010700410000307090400005000891000504607400000082002005769000001503
043800500000000000050463021090000210025900008060000900010040380070300050002000706
001064070050000090906025130000071046400090780007406952008040500204000800000000420
070420900090000000020306050840630000000000000500007000204003000900000600000004000
609007200100069753300800940891000300020080070400203100010600430034100000960000000
076054080108006040520000703900070600060495817001600009617300008009007004400500000
400160000270040001603000908000014070000500000700080010300601700060090804027008106
400080000060000781010050400000900000800004007000002564000000008307000040694008025
290000030003000006070000000010000407040508009000040080060009000400000003309427001
002006500970810243010032600097080304043207108601000009054300800768000900029008000
000010050050000190090000030003000005605304080289500043000000504001000370004800000
001050020020000570005204030210000000064080000300007000103470080602901705007020091
000004960204796080970150003000800000105602090089010006807240630603580400001060070
000763000020004003706080100000100060000000300050000000209450001017000008480300920
520438760060000408430760000204007005097605000015004000140000000000006002900140003
000000000907000500000100397000049800490010000005000000508600029000050000000907400
000700002000508040000016000400360020000040070000002000040020510000000006060051094
000000694496280007705004201921750003850463009300009050000800000003916070078040906
000000060360700005000302817000020000603000000920680701009000000401239008006050900
010409058000035200503120004800051000407600003030200986000000067004003100050000009
000940070712038964604000003460750000389010025070890000000369007140005306006070200
017060032000007680600200000080014900000000008076000040049080000800030094051000800
001007003007000000002080470700020000000070002065309807008750039903108000570090080
090000300000000400060000200937145026028000100500800730409002600006074510000003074
750090860840017090009400710005026000100009008602001000018900206000080000507602480
092650000008900536003000729100807000620004978980000000000700315301400007270031090
000000010406001000900002086157000000039010204064003000000000002000004600500809000
490000076000409530305080049006000054041000000209010600007040360003970000104030008
008500096005691728090027045070008000830410609500970000000080053007350460000160080
050703020000900408600000700400000000080034000062080134106802000040071090000005070
200860000000030109000910070002070401010000000000000096000251007000000030000080010
003000000000603407700000006000405062068000000015200903500037000000000708030000625
008070200005030000300000090800009100000400600040786900000000300900804700050000401
030000085000400000091500070058000060907200030010850000006000009000000006100020800
807052400090014006430008000006090004503860702700430000002509380008720045950100627
020570000008040760005800020080020600054700039200005187076100000540600391090054076
403000700900004000060029000307501000096073001100900473014200390000000200605307040
246501983000309004839006170000800002100793400004005307098000000000908206060000809
000672834006080005800009026000000057040725300000036900000007089480200673003000010
200190006000863000060200009050002000430970860900658003500300002304000650700016030
013204050000580030805060024008040000050010402000000180000120040200009300000700000
070800000400000000000004100002000510860000700000020806000456000600003000010000004
000090040050600000000001502800000000100009408000000000900402000005780010708000000
004050960051070200000200000010000000040010890000502001037008000490000073105037489
009007050674005900051002006208601005716350000500804010000590260062013089085046001
900405028000000000007820009206300010095004002041200050620503700108002040030007000
007000000001260005064007010006085000005400060430000000003570000000008000000603020
796008050003105006250600003030001002800256007562000000600934000049810075108000040
957403081600001500020500003794002000100904602060005004010000008070008150200059706
008090576657800030000000482320510040060900107000408000470089315082005004501674000
700089000415000009890000003350000000060700080028000005600004090000900010000168500
080076504760542001000000307300200049572800613008030000004009000090700058230405096
053000407000058209000476000205014736067080041409063000041030890908100050000800104
530107082298000047704002005609030018400018296870006000100079600000051800000023450
005102630600040821000700400102300509509014003083900102006400318000000200250031076
781009025000054000045008960830065042050401080000803506009100630300502704000000200
060053708000462500351000024006000007090020000027000000003907002000000009700016000
000090000000003004000120060000070009000400602109002700500200407006047590000950320
005680020000049000020100000000002183080006000050031647490000000000700090870000000
000007030175304600002900710700430000000000800400095000500003980000009106800001300
706100000300702050080090002010040000500000001970600000001005079000200005803479200
000310620092070100000209000000700002000002000020005400009000286010000007000007001
820651009974002500600947328738065000009000002200094000000000700007300090500408000
000050000287004056000000000000405008000638020000000400043002009000009540109500000
060000000705000698100890257690200374400600500050000900006020000002940865004000703
023000000046020910000040032030000000210907400700030200350000600000400120092006045
000007009100409002594000800000320000200100000000000000000040903609200740457003200
600703125005000003903125460030506049400070000150809002000001654001654907000007001
140000003000041050002379106004093600005000004010000000000830000000000400009124008
000000000410052000897010005163020490500904016904103002209000000040600928005200004
231607090006805020008000647010050200509208000302071000803000000645000010007000089
080002470000500000000046300050001800003020000004307000000009704040000009000874500
309754620020008040047000000060009170000120068000380004010403257000005016750801400
000419037490003065037806090012007604004901078000600000509030700780504120103000000
056000800030078540080060000790000403100000265605030008570340109810520004000090700
100006740908400310027100800670003108501090400200010900005764000010050070006301589
000800200318000400006900003080000000065791002000380050904078006801236540030400718
030016085040098003000302064008700631500100000316000207025037018003801090104009006
705004360000000094941002570002306450000540210004129830200000000830490601009000083
173809000560071940000005170601000025089020030420030789097058000800010097200003050
000820000001000030004095000900210070206740008003000020000409000502000000439080617
030010006890270540001800007008407905000950300900380400124600700783040050650738004
089010600500600200603209000054300900060900045901004300400830109105070020000195467
020800000009030000000000210200084000004005000010623008600008070958007020100060009
004900020001706503702300800008100000106057084205083900000000200600032400020894070
200007000407000500090020034008070941109000300000000860000094010000100050000000000
840000500000000000026400091000590000000300109000000004060702000400059200008100900
739040200082703460004008000820060504000872630390004000073010845060485020008230100
050006207028591004036000010080130000000027095207009003000705930090002058805913020
000800001150793204082560070000000065000047100821030490607489002040100006205300049
000002000904035001010000000201700059008020607000900000620000000009000002100267980
390000008006000000057000000000005609000701400000000001780000006405000010600800300
075008040100460000000000308009016000261045003000003106502000060000081050600020000
098000000000009050050000300002000040083914500901500703400673810810002600600801025
000930021398071050700004308000700409069002075005000830900807500006090087007156000
560709000000080500238546000000000000109000406803400120300600002082300000010020000
480700002009000540026400900008671250032900160071030094000007085853090706067000019
500700900006003007700009005000100000900358601007020850003000000400000016000000000
700000850508000000091020306000280500630917420080600001170000005352000900000300607
305200400000040080000008012020006930039000067700003005053020600040000000802100009
039000801000840000000005076000013952090700000300000000910507680000604030000000007
486012050209005000500000900900000000621309070740020000000070000000090000000260010
000020008706000004005870319951040083402080100000591046074030900029004000318059407
000380020850270100000010800000540000386020000400608007008060900900854000000102084
061307050580910004070008001000094280820001070700832160050009000406070510207100006
050319040030004000700000000007000900000000003001030600003240050000100700005093004
180900700004023005000000004000400083020019070046200090200000140030090600000600000
720600000400072916090508270009807002002954030078001000000400600207005000030726091
007009180081002460900000000000000001420960037100000004800735240040000070500000908
000200008027800000503004002002040076408600201069032045045706003000005027000381504
876000004002000678403078001647982000010706080000500706008025007500437000004000120
000430000000000300600059728000000100300020000084003295076300002050704030009000000
607305000000000000500428000400907023059200004002000090000000060000600051000001380
000021008005008093000900000087000046002406809614780005000050000050800900008092010
400900000020037410730100692007405000010090508500012079000000100000309807005000936
048701562791002348502300791109200070000000230206004100080410000010000000020083400
023070004000049102000003600200096000006408210030000709000080000000560070007000500
000796200400000009076342500040000790010050346090000002009600003000080067000001000
000070653020005800050049007040060530206003001538000006412000000060390410389020065
009487500000000000870305000007548000300700800480002100500103987008050316600070420
000050900750009800029000000903000206100040500070000000307000009500004700000000000
008000006020000000140206080030000050790800010400002900000000540300020000000000020
000039080080040973000000100060000705900000000000010040094003600006904000800006490
003800000062530000080600539007000005630005208519200046000000400208000000100400903
000506800050000040300000000002008000000407000005309204100000000504001300090705600
708001009000200501065000007601800752050006083009500040002900000000700200003105000
501409006000003100803500907000700009705090820000008501306082705907006208002900600
000040000000000106090018000004000000070023064000000000030064502950800000000000008
058001000234000010010003807500000040007598201100000000890600570400800320620400090
009080270007049530000000600000000029000000800005090403004708906601000002070000040
001020508000054009400910000000002850000000000200000000000000780010270095000009300
060021705000040600400000801000063080600080100092074063007000300900007050000000010
890060000050198003004200190180004000400000000000000004000840000040300700003700000
104709000050006970703200014000603800601900000907524301306092100405000080020400706
600005010000702050495301007240859100000407590000000274306004000010006005054090002
409200000060590007327600050906307000000400700030021040013080070600000203500102690
000000000059600040000002860080016090671020080492800076000247509000068007020009018
030089500000000080040500070000094860000065120086023094103240050805630247704908631
900080047810400520734205000405109806000300704080500912300054280009002673008030400
000000100800006000710020938150000000000090070008500000000060010000000006070050003
603059074470006159050070086197002060305001800008563701000417008704008000020005007
010002007000000000000053906730005060500400078000080001002000083970538610850020794
000600004000090106800400002605100020003000000008000009004020010930061078056000003
570000000000009010900700200005400090000007003000058620300000100006573400000060000
000086000043000000600400900000320500056000000000060871300600000000200015560700293
000907006000000514280014007062001003070000000001000000000040179009060040425000008
009500000751238064800000000075820000080001003006053000014000800098145730000006410
000080000030509000450006080010930750567008039090657820075002304100095068602000000
004000900250807346097634502516900003000016029000300065705089031409100000103000804
000100490000002001000040600026800100000004062104000008000000800005000906800093200
600001082071200000800003050109040000380000000000830900000008670930170000010000893
000030201002608000003001508800403002400100080000000040004300800008040100001000050
500030000300408000700106032007090243000810090000200007209084700071000080004701029
000004100000360850004210000760803905900072080003190000098001346346908000201036098
000006980060894000008200306600000008709162400050978610500480000804700000207000040
000806000000000000005430000000300508060050000000000034007901003603000491940003000
008001070735020109419003028180409000390705810000218030901304706800002400500600200
400079000135006090700500400046000003800004509079001206924030000001002007050100904
040000680000040000700006905097801564000090008000000700003278016008614359000053002
004200000030000600000010000205300010017020860800040090001054020009032001320000049
984702000630490200100000849568000000090070000003850000076900402040030008000100763
000087005300020074080560019008670352406000090530009700000000460600002087000340020
350002890089000742200986003000000070907000000405000000090010000540000000000300000
200800007000610002000000000400978006000120000000000700500060021000000609000040830
600023104000700030308005900280640793070500006100300820069037500051900372002150640
001407050000010240472003160000000400000000600000740002003890006800076000000200905
840006000000020840010080006005002070000018030070300002004030601009000004001004059
801000003400170500000004180040080702027000300100000060008260000300007200062010000
000085009500194060009007538006408900971062040003700256605000120090200600000056304
007600413208300509000970200006000895850060700003590100000000001685020947312040058
006070402200060000017402300408023701360700080170000000981040507020030810700809046
050024008087100002020380105610005000005002080000608459270000004000501000500079036
040000900690000300030001005058920000000407000017000200000200000160070000209004053
001629000580031090000004300030000000000000400420500073603000700000000030005960020
004006000000000080092100000000003000060502040250000006005001600020009800030000000
070000841000000579108070030800000002207000000500060000700000154086050020000009000
008003020030000070100840039602001040000300000943000817004509761200006300001000000
010208400064100002820040001673091000109580300058736900431025608500060100006010009
001700400480961700000482000005308046046000070370206000000010004804609007517034009
890706000102900000000321009928067130000200674700003892003102708209804000480005920
010000285008100000406508901780002106000010000009070003395061070040080300027035010
000080902000700634009300500623000000987260140041000320050932401060578003090014857
000000400410600023002000507000500006309000700780000000800360010003000000000780030
600107083980000710014009005002003098008004070070000060000000830030002140140070000
407201009093074002008000075280000000004705268000862903712090350305007096800450001
000050030000020000580400290670002403108040600000007008800030900015700000900006015
130090870000700100000000650700000548000000090009000000058000060306000400000600900
000009002023107549000002007300218750080006030560030010034871690056403071008605020
410900208650070001700040900000009000820010009500402010040000890000000030000007124
036078004590063100087509030000000061342810070000007002403080000000435620620001450
000020000000001409800000000700900042006000070050008000087010004000200000900050600
042807900010005000030602070004000000080000010000000009000000000106008000459020087
000080500090071304000000600600100038500000967300900000950203806132806090000700200
970003040065000000000000000020087600000034000000000000097360080236800097000070006
068340070342109508070068002000095400000080000080001695854000900200906854006850007
098300000000095030000170000040200601352700008000000000036400050000580000005030100
048000276600000030000200000200090000800000000000000000300107900001004603009003000
020500800000300105100009000000976000002000009700200000070000050000840030000005400
052006030007000600100000002030870125010000000700000000004009060000300080073480950
050006010600000070020000069400023500065090000300058000280000103046019708030800650
432718960000605002060300078293480500006020040807000003004800359000000700359200600
300054602057020009601803000000080260000310548080602030100038000702901053035040100
001800020900501836080090000260910000005000002000020900004076200000250000500000000
500008079070200000000390065704000008000000000000001036100700002000800000307629800
018069702247015009900000000070000000002500086600004500090020600021050493800493100
430826700900030208800905004593040806600093000100000000304010690060054102200760543
800153000600000005051270400100032700005000900460000520023040800000020090006800002
000090006200501000879002010007006000020070000000054007000080650060010030308025470
900405780402037006803001500504706019060002054020003000041050000007204800000670021
269000000000000010005704906000308702530007600000000000000483000090560380800900105
640007001090004275070009306000085003057031000310406008000000007031070500006008034
900068005010400970040702610500000831067301094000004260153049006786010409009000003
000098000000105004849006350070300000198764020030000047064520138081609075750800090
048205009107300250205097380504006000710809500009500700000602900081400627072080405
090000051251907043000001000065030024100600089000010000036140500000006010010700000
802050036006204709070001402930108020601000097250000800028540603060010945090000208
700043900431008070000000043056000480000620001300000005040856017170004050068007304
610000070700010590000004060065000020200060008090201030100526000000100000500830410
170030020000100653060040000800010005040050000000820001000002006010000040400061500
035190287000065409910000006500740360400000005200900804009000008000080000020009700
305009420008000900000200035509607201074002300800003700003905000000000090950026000
000902010087040329200781006061090730072068940005073080058000073900307000010850200
852000063040000005607502000700800091000103070903070000000000100500041009401936000
000000030006309000839021000020460700980000040605007001004000060000904003308052090
000010070702000000000000000064000000039027000027004000005001000090600104000290500
008506002300408050070020809000003406000700521060200300040000280050002000002600700
000090500503000000000000602700000050080015000100070098000581006307000815000007400
384000005629750800715000060107005020000170083003264007960087340008020091000900750
169000004740061003000040006001050070000000610400026300000010268086075040004600000
405960207207004806096072415004509000302040050900000000540800001721090080080010009
400059107502671304706000020920406053000000009385000641200300500600080002809100006
109000060205000000006010257301670009098030006000940315520007900600194032900000078
104600780500000214879014603000368001700000000038900425006807002000040030380190040
000204007100058093000390002000031500050800030010425970005083061039160705621007300
010902605000706018070080204043000780050060000000431900021095837500378421037004500
600590003000000000549000270090060702070009000806057900000000000000000620000100500
000800000005070004370000285940000608250708400768900000519082300407000060600030059
200600009190003867000000020009305001000400500005800040000000008500700000000506000
809402007100008200060001895085620070907500000306010408640230010030000004000040020
080050091006240007570001048600000130300804705057039800709000000064082000000000000
000030500301900000000000000013000047095000000007301000152000000030000900000040002
062397005379540608000820700206000000080000000000060079008009056645080001000654280
089050470060080005050467000016008002025010080008000701870500603030000020592030040
607328900000000002003400000200800000530941200009672580400100306000000000700000050
020000810064008002008000000000000000400890003090730500073601008001500007080200000
090100270000000030081502900000000000000050040508200000007091000010000000003004106
008527030570004009040009000004096070007240006309870000700000950400958010985702000
900000003100000409000080700700000004409010632060504010000300070897006345530070020
070306500000082094008709300000007832380490170700000009103958000407031000005070213
000000067028006000006041009000000000010283690069010800692000008175004006000692700
000025460694100030002040810001904078040060102000512394869270000017403000400000001
901054362005603901360019075053090810010037009609100050030002007000400000000060000
923800000080004390006000000040000070000080000000000000030000086009608400800045007
000003021510000000900001700600000005004307010090405007300500000100000000027000050
306070459000030800000004100100000240000000903000000007051000000200100368000000500
067000010000901050080005003008642390000300070903857620001006009004008560000400107
081050090007010000300470080006030002200061300000040600040000001000000000130524060
004060703126008000703005000400009010600381405300000602507200800000010000000500000
200009650030000007900065120000001085000500060800040010400007200705620040002190070
853409027000000019010607850200000000000204576000000004080742300000005980005981000
807059021400030900956100800002000085600091703000506090000010508000000060078902014
491000005000400006070000000000600059008094010540070200003726580002800003000001072
009004050523090000080005000230057681090160003806040579950000030007003090000000700
030070200000000003000090008001000002600900700053000910000050020060000300000007806
074051000801203760093004000000006450008902376006508092065180000080000640327065019
005080000000060030020040001080000300040000028001000590000620987978415063000890000
000100050701506008045900010090312470407098031200754809060031000138200006500460000
050019600021000500760000000000003085800020900000008012000000020000006307500000069
007090000500070000100080040600000030095000700000000000010000080006004003802001090
000034080870051003000000005200006090900040500685319024360090050004005006008163400
007600000006410708004008020015003902020001803000040501871090000502000090000000000
002001306386020105005000900020500763000000809703008050507980004014300698600040500
000280501510000920002310476809500600005006093000908057096000710040090305308007269
865000007713650490200000008132070000948020706600009001006003005020010000001860900
180030000270400060600500800523010008017860053960020007090600002000247900000090030
000090005003450000014000200045820000278000406009564000056000000300049000090605000
000000809000958001000002763070890002020700008009200437000083920000071000308500070
004000503000003800003604090401876309000000400000540080908002600000400000600700000
003000000504003780000500061000400000400382005380000000946030527000940800130075604
000000087005871000010290300720930000080740090000000000000107940100060008000085700
007601000500080006060350074004290730926070000700004062302040681070160320618902007
000090730371046080895071420600000009100627050580000000900760040063050008452000603
004802000906500000000000000060000073700000481000000600037000008010307000090128007
901060000750080912040000705100700003800051047004000000000802571289105000000004000
450060037807450200009007051706000905003940026005700083002008094604300018010690370
209760300030002674000531090374108926051206003000003500706005000543000060000600030
070400008001200436604000075006094517000000623015000049250940000469000302087020900
700810004200759806001004750504190000000500090100360000907080000630405970452001000
370060100620000537491037000703005098000490071900300025530906700040050900069710200
508140270001009680007860413015070000400002150280010030006000500094250301800030047
410900000500001009060032004000310460840700003000000000070000000000000052600200040
100000986000060000006001502970200008320000000060700004000007005000850000005090000
200008500800000604059460180305600040001000090006080030100290000500806007608730902
000000003740805000600400000000000000901000000270000000005064080000001046496000005
000930504000006902000500000500000690000007008004000007053000060010009000090025000
001000000005400102004072083003000000100300000400200006007000000050034000040700005
080035040000200000002000000000000000023090680004006050000860000600024170000071000
002004001000000000000072000000000902069007010318200704006035109000001007900006000
091850000004700300800002071480120000079400000102000840350280100000005400008060507
000004090006900000089000004090500806800320001400706000000200005032000900000000003
109000460260150387700064050000025019008370004400900070007630000630501008001000036
003009856000320010007658003000471000050802070704000000000080000470190005000007000
100000590460500702000702340008000000002000000000001000000007423004065107000000905
080037041907000000014080000079040000050000300000000000000000080090060000401500000
070004005000010907103007600501070460000100000009040008090026300200401809010009070
300050800002080300807000000003500040005094003040060005000000230400000056200000081
070000000000804000040050010007618930080040000034070601198005700062100400000706198
000149230008005090490800000000007040070500109600002003900006510504098000307401900
400600103268010405037049206304000008502860040081700529700000031900000754003075900
000900620006040000001265003007500006000000000000000950700050302060002000000100060
763000142000730005080100703596081304210040590000060000800413050430670809657002000
820549107405100602001000500200496000000001496904305021032000054680000000547210908
592840000001290080348006005000902548804000000000008370000000000005080069080619204
365081420002500008100200000010000000006005700508007060974000810050079000000008007
020074000003100060081900000000530000200000000800602079007803010000000004008250006
090010000301002000200950000000009070800600000052070006030000000000700603000306000
020007000178040000400300070790003000006170500004620000010000305000500802305000040
000058102002000080000009040000900074000025000319000000020000007867000000400700000
010500000000001007000600109701280600964000020058940000000007000000000916020109080
607009000019520006008367000000000001004002000386010005700490000005080017000671009
024010005610000002809000061098100000576200014100500009030000000000402100000730000
120004000000900610800260000004080007068000000000040000040000000000006000009427350
000000800000200090900001000001000000800300450500060007007025910002090700180073200
000600005500040023020001780700065000601090007040003106005009078000000401004000500
080704000700000000050000000500000000000900000000500870305100490400300080070000350
004003100690158040000200906900407300200000000000000800002030018000000020000000503
080000006009300204200000000800400009000009000090805401930000000004060003076000000
000008000005000210000065904040007000001406807000500000800002640000000052000000009
030090000901000000650000000319006500006050090080039760420083000000000809003010000
000106278200000601000002000007000800050008020004009053000000000000000090080090000
000576000800304005050008100018040652000000000004000090000630008000491000000802000
100000000079451020602000001010702050060009080935814000500648230000090068840020910
080050439000180000007000800008593240000000003000421080400278000030900028070035090
700400006080005000009010000090030004000200510000090080050070600026000040400029130
000006080080103270000040500843500907020438051106290300031070800560000104200014000
000070004000003020000000030000085079000307200000260000400500000000400500000726400
100060300700124000080739000030402168001953000400000539000207006614380900000040853
300090046002006853070503000010900305069735100000012000001000000050020009020100500
000230600400607009068059204090000700042000918300010025600500300100370896230800540
100036040683000090005920006500600403208043905370100062000209038030010620020070150
025106090098532061700000025083000600004098050200000900000080076002000040006900032
450000000060000020008070003000000000201000080580000600070030010300580000800200300
008063000000000000760010000000020071000095000006070000049682137000007000030009080
